 Wvl;         Refl;      St_dev
 350.00000;   8.64400;   1.23094
 351.00000;   8.75733;   1.16109
 352.00000;   8.73933;   1.12308
 353.00000;   8.67600;   1.37176
 354.00000;   8.77267;   1.15439
 355.00000;   8.74267;   1.09046
 356.00000;   8.68133;   1.18575
 357.00000;   8.89333;   1.25337
 358.00000;   9.13133;   1.22312
 359.00000;   9.07867;   1.24468
 360.00000;   8.74533;   1.26701
 361.00000;   8.80267;   1.36917
 362.00000;   8.58600;   1.50041
 363.00000;   8.39600;   1.54474
 364.00000;   8.73333;   1.38364
 365.00000;   9.21000;   1.36011
 366.00000;   8.99467;   1.34021
 367.00000;   8.35400;   1.32093
 368.00000;   8.80733;   1.46709
 369.00000;   9.18533;   1.34153
 370.00000;   9.17000;   1.17712
 371.00000;   8.82333;   1.35490
 372.00000;   8.88267;   1.34142
 373.00000;   9.05200;   1.47006
 374.00000;   9.18800;   1.39771
 375.00000;   9.26400;   1.20784
 376.00000;   9.13467;   1.23749
 377.00000;   9.01600;   1.30865
 378.00000;   9.00733;   1.29944
 379.00000;   8.67667;   1.32593
 380.00000;   8.81533;   1.24019
 381.00000;   9.23933;   1.18163
 382.00000;   9.19667;   1.35662
 383.00000;   9.06333;   1.46983
 384.00000;   9.05933;   1.41210
 385.00000;   9.25200;   1.28274
 386.00000;   9.58933;   1.23146
 387.00000;   9.46867;   1.29645
 388.00000;   9.12333;   1.38630
 389.00000;   9.07667;   1.39706
 390.00000;   9.44267;   1.25708
 391.00000;   9.42467;   1.25214
 392.00000;   8.91133;   1.46561
 393.00000;   9.13200;   1.42352
 394.00000;   9.38800;   1.31993
 395.00000;   9.48267;   1.21723
 396.00000;   9.43200;   1.30563
 397.00000;   9.29400;   1.37880
 398.00000;   9.41267;   1.42823
 399.00000;   9.68600;   1.45653
 400.00000;   9.47867;   1.37682
 401.00000;   9.50067;   1.31190
 402.00000;   9.56267;   1.34000
 403.00000;   9.34000;   1.49440
 404.00000;   9.31200;   1.44083
 405.00000;   9.49133;   1.37074
 406.00000;   9.71267;   1.37609
 407.00000;   9.57000;   1.37878
 408.00000;   9.42267;   1.37453
 409.00000;   9.42200;   1.38242
 410.00000;   9.59067;   1.42311
 411.00000;   9.61333;   1.43414
 412.00000;   9.53733;   1.39768
 413.00000;   9.47333;   1.35274
 414.00000;   9.59600;   1.43652
 415.00000;   9.62867;   1.45172
 416.00000;   9.57533;   1.41472
 417.00000;   9.55667;   1.41211
 418.00000;   9.51867;   1.42161
 419.00000;   9.52600;   1.43978
 420.00000;   9.59867;   1.45278
 421.00000;   9.68667;   1.46483
 422.00000;   9.67467;   1.45439
 423.00000;   9.60800;   1.44621
 424.00000;   9.60867;   1.47445
 425.00000;   9.62667;   1.46430
 426.00000;   9.66000;   1.44552
 427.00000;   9.70067;   1.43763
 428.00000;   9.71800;   1.42432
 429.00000;   9.67467;   1.44139
 430.00000;   9.63933;   1.47365
 431.00000;   9.75067;   1.46396
 432.00000;   9.77533;   1.43855
 433.00000;   9.72467;   1.41439
 434.00000;   9.66800;   1.41117
 435.00000;   9.69067;   1.44402
 436.00000;   9.77600;   1.44812
 437.00000;   9.85333;   1.41764
 438.00000;   9.79067;   1.39860
 439.00000;   9.77533;   1.44957
 440.00000;   9.78067;   1.49167
 441.00000;   9.74000;   1.42862
 442.00000;   9.79733;   1.42310
 443.00000;   9.81867;   1.44683
 444.00000;   9.75667;   1.47677
 445.00000;   9.72800;   1.49593
 446.00000;   9.75400;   1.48214
 447.00000;   9.80467;   1.45302
 448.00000;   9.82533;   1.44774
 449.00000;   9.81400;   1.43825
 450.00000;   9.77467;   1.44341
 451.00000;   9.74467;   1.47326
 452.00000;   9.85667;   1.46797
 453.00000;   9.88333;   1.46330
 454.00000;   9.81400;   1.46651
 455.00000;   9.81333;   1.45946
 456.00000;   9.88733;   1.45509
 457.00000;   9.91733;   1.43483
 458.00000;   9.82400;   1.39683
 459.00000;   9.84800;   1.40269
 460.00000;   9.88333;   1.43770
 461.00000;   9.88467;   1.47135
 462.00000;   9.88867;   1.46394
 463.00000;   9.89667;   1.44916
 464.00000;   9.90000;   1.45864
 465.00000;   9.87400;   1.51585
 466.00000;   9.88533;   1.49728
 467.00000;   9.90067;   1.44449
 468.00000;   9.89800;   1.41509
 469.00000;   9.89667;   1.43876
 470.00000;   9.86867;   1.48019
 471.00000;   9.83133;   1.50316
 472.00000;   9.84933;   1.47105
 473.00000;   9.85733;   1.44108
 474.00000;   9.87600;   1.42854
 475.00000;   9.92867;   1.44311
 476.00000;   9.91867;   1.43879
 477.00000;   9.91133;   1.43221
 478.00000;   9.93467;   1.43295
 479.00000;   9.91733;   1.41758
 480.00000;   9.88467;   1.44410
 481.00000;   9.87467;   1.48687
 482.00000;   9.93667;   1.46893
 483.00000;   9.96733;   1.44683
 484.00000;   9.96733;   1.43515
 485.00000;   9.94867;   1.43513
 486.00000;   9.94467;   1.41900
 487.00000;   9.95467;   1.41524
 488.00000;   9.97000;   1.43555
 489.00000;   9.97067;   1.46721
 490.00000;   9.91800;   1.50081
 491.00000;   9.87000;   1.49655
 492.00000;   9.90533;   1.43062
 493.00000;   9.95467;   1.43292
 494.00000;   9.97467;   1.44725
 495.00000;   9.95333;   1.42948
 496.00000;   9.92600;   1.46621
 497.00000;   9.94600;   1.47072
 498.00000;   9.99000;   1.43283
 499.00000;   9.94733;   1.41780
 500.00000;   9.94600;   1.42723
 501.00000;   9.96600;   1.44761
 502.00000;   9.95667;   1.45896
 503.00000;   9.97533;   1.43071
 504.00000;   9.99467;   1.40743
 505.00000;   9.98933;   1.41559
 506.00000;   9.95000;   1.42388
 507.00000;   9.95467;   1.44887
 508.00000;   9.99800;   1.46945
 509.00000;  10.00733;   1.45417
 510.00000;   9.99133;   1.43934
 511.00000;   9.98067;   1.44461
 512.00000;  10.00667;   1.47104
 513.00000;  10.03267;   1.44544
 514.00000;  10.03333;   1.42379
 515.00000;   9.99667;   1.44343
 516.00000;   9.94733;   1.44284
 517.00000;   9.97867;   1.42882
 518.00000;  10.05600;   1.41531
 519.00000;  10.03267;   1.42295
 520.00000;  10.04867;   1.42981
 521.00000;  10.06467;   1.43196
 522.00000;  10.01800;   1.43613
 523.00000;  10.04867;   1.44132
 524.00000;  10.09667;   1.43302
 525.00000;  10.10200;   1.41140
 526.00000;  10.05600;   1.40870
 527.00000;  10.01267;   1.42872
 528.00000;   9.99933;   1.45234
 529.00000;  10.02400;   1.42192
 530.00000;  10.08267;   1.40795
 531.00000;  10.11400;   1.41595
 532.00000;  10.05667;   1.42191
 533.00000;  10.03333;   1.44187
 534.00000;  10.07400;   1.44713
 535.00000;  10.15267;   1.42311
 536.00000;  10.09800;   1.41606
 537.00000;  10.06400;   1.41818
 538.00000;  10.09267;   1.42027
 539.00000;  10.12533;   1.42035
 540.00000;  10.13133;   1.41866
 541.00000;  10.10933;   1.40860
 542.00000;  10.07467;   1.38920
 543.00000;  10.07933;   1.40249
 544.00000;  10.09333;   1.42235
 545.00000;  10.08533;   1.42432
 546.00000;  10.07533;   1.39410
 547.00000;  10.06333;   1.38316
 548.00000;  10.05200;   1.39740
 549.00000;  10.06800;   1.40589
 550.00000;  10.07400;   1.39989
 551.00000;  10.07533;   1.39505
 552.00000;  10.10000;   1.41687
 553.00000;  10.08200;   1.42644
 554.00000;  10.06133;   1.42608
 555.00000;  10.08600;   1.41952
 556.00000;  10.12200;   1.40150
 557.00000;  10.12667;   1.38901
 558.00000;  10.08733;   1.39457
 559.00000;  10.04600;   1.42260
 560.00000;  10.07067;   1.41799
 561.00000;  10.12733;   1.39009
 562.00000;  10.10133;   1.38591
 563.00000;  10.08733;   1.41880
 564.00000;  10.07067;   1.44028
 565.00000;  10.03467;   1.40882
 566.00000;  10.07200;   1.41365
 567.00000;  10.10667;   1.41362
 568.00000;  10.07800;   1.38471
 569.00000;  10.03000;   1.39144
 570.00000;  10.01467;   1.40424
 571.00000;  10.04800;   1.40448
 572.00000;  10.12000;   1.39402
 573.00000;  10.08267;   1.39002
 574.00000;  10.01333;   1.38737
 575.00000;  10.07000;   1.37379
 576.00000;  10.06333;   1.37751
 577.00000;  10.04267;   1.38772
 578.00000;  10.05867;   1.39193
 579.00000;  10.03800;   1.40118
 580.00000;  10.02067;   1.41020
 581.00000;  10.03733;   1.41189
 582.00000;  10.09467;   1.41664
 583.00000;  10.08600;   1.38956
 584.00000;  10.02667;   1.35818
 585.00000;  10.00933;   1.37758
 586.00000;  10.04000;   1.37992
 587.00000;  10.06333;   1.37001
 588.00000;  10.03067;   1.36449
 589.00000;  10.00000;   1.37916
 590.00000;  10.00667;   1.38749
 591.00000;  10.04267;   1.37751
 592.00000;  10.01200;   1.36509
 593.00000;   9.99600;   1.35673
 594.00000;  10.00933;   1.36221
 595.00000;  10.01267;   1.38902
 596.00000;  10.01133;   1.40176
 597.00000;  10.03133;   1.39617
 598.00000;  10.09733;   1.38740
 599.00000;  10.10267;   1.40421
 600.00000;  10.05533;   1.40962
 601.00000;   9.98800;   1.38026
 602.00000;   9.97867;   1.36284
 603.00000;  10.00333;   1.35535
 604.00000;  10.02733;   1.35857
 605.00000;   9.99067;   1.38330
 606.00000;   9.96867;   1.39544
 607.00000;   9.98667;   1.39635
 608.00000;  10.02200;   1.40332
 609.00000;  10.04533;   1.37412
 610.00000;  10.01133;   1.36763
 611.00000;   9.92133;   1.41943
 612.00000;   9.98000;   1.42115
 613.00000;  10.05533;   1.38828
 614.00000;  10.04067;   1.35392
 615.00000;  10.00867;   1.37171
 616.00000;   9.95733;   1.39761
 617.00000;   9.90800;   1.40218
 618.00000;   9.90533;   1.37847
 619.00000;   9.92400;   1.37214
 620.00000;   9.93600;   1.38159
 621.00000;   9.91533;   1.38634
 622.00000;   9.83533;   1.37492
 623.00000;   9.82600;   1.36608
 624.00000;   9.94867;   1.36960
 625.00000;   9.94867;   1.37039
 626.00000;   9.87933;   1.38196
 627.00000;   9.82067;   1.40617
 628.00000;   9.87467;   1.39832
 629.00000;   9.91000;   1.39349
 630.00000;   9.90467;   1.39383
 631.00000;   9.90333;   1.39987
 632.00000;   9.87400;   1.41572
 633.00000;   9.85267;   1.42709
 634.00000;   9.88867;   1.41217
 635.00000;   9.91067;   1.37318
 636.00000;   9.89067;   1.35637
 637.00000;   9.83400;   1.38718
 638.00000;   9.82467;   1.40676
 639.00000;   9.84467;   1.42009
 640.00000;   9.87800;   1.42609
 641.00000;   9.89333;   1.40324
 642.00000;   9.82667;   1.39939
 643.00000;   9.75400;   1.40958
 644.00000;   9.81267;   1.41056
 645.00000;   9.81000;   1.39469
 646.00000;   9.78000;   1.37738
 647.00000;   9.79067;   1.36870
 648.00000;   9.77400;   1.38417
 649.00000;   9.75667;   1.40241
 650.00000;   9.76800;   1.40368
 651.00000;   9.81333;   1.37623
 652.00000;   9.81267;   1.36809
 653.00000;   9.75667;   1.38664
 654.00000;   9.70267;   1.40227
 655.00000;   9.70667;   1.40968
 656.00000;   9.72333;   1.39689
 657.00000;   9.66867;   1.36448
 658.00000;   9.69267;   1.38185
 659.00000;   9.72600;   1.40138
 660.00000;   9.70000;   1.38264
 661.00000;   9.71000;   1.37340
 662.00000;   9.70800;   1.37982
 663.00000;   9.67400;   1.40040
 664.00000;   9.62667;   1.41320
 665.00000;   9.62733;   1.39306
 666.00000;   9.66133;   1.37442
 667.00000;   9.65867;   1.40176
 668.00000;   9.61000;   1.40141
 669.00000;   9.58067;   1.39282
 670.00000;   9.63867;   1.40550
 671.00000;   9.65800;   1.38531
 672.00000;   9.65000;   1.37665
 673.00000;   9.63133;   1.39325
 674.00000;   9.59933;   1.38431
 675.00000;   9.58133;   1.40083
 676.00000;   9.58533;   1.43184
 677.00000;   9.60067;   1.41150
 678.00000;   9.63133;   1.39516
 679.00000;   9.64733;   1.39773
 680.00000;   9.62067;   1.43012
 681.00000;   9.61533;   1.43260
 682.00000;   9.63267;   1.40865
 683.00000;   9.65467;   1.37662
 684.00000;   9.62533;   1.37953
 685.00000;   9.63067;   1.38746
 686.00000;   9.70600;   1.39267
 687.00000;   9.74200;   1.39710
 688.00000;   9.73067;   1.40250
 689.00000;   9.71067;   1.39802
 690.00000;   9.74733;   1.38080
 691.00000;   9.78667;   1.40750
 692.00000;   9.81800;   1.43480
 693.00000;   9.84867;   1.40491
 694.00000;   9.85533;   1.37961
 695.00000;   9.86067;   1.37851
 696.00000;   9.88000;   1.39570
 697.00000;   9.94800;   1.39930
 698.00000;  10.00133;   1.39197
 699.00000;  10.01733;   1.38836
 700.00000;  10.02133;   1.41443
 701.00000;  10.02733;   1.43519
 702.00000;  10.04933;   1.43414
 703.00000;  10.10867;   1.41480
 704.00000;  10.12933;   1.41274
 705.00000;  10.13800;   1.42104
 706.00000;  10.16467;   1.43264
 707.00000;  10.20333;   1.47169
 708.00000;  10.25600;   1.47654
 709.00000;  10.30600;   1.43866
 710.00000;  10.30533;   1.44549
 711.00000;  10.29133;   1.46198
 712.00000;  10.30400;   1.47459
 713.00000;  10.36400;   1.48561
 714.00000;  10.40400;   1.48840
 715.00000;  10.40533;   1.49358
 716.00000;  10.37867;   1.50613
 717.00000;  10.39000;   1.52414
 718.00000;  10.41400;   1.54676
 719.00000;  10.42067;   1.55872
 720.00000;  10.40000;   1.54652
 721.00000;  10.40267;   1.54517
 722.00000;  10.44600;   1.55748
 723.00000;  10.54333;   1.56904
 724.00000;  10.59267;   1.56395
 725.00000;  10.57333;   1.55086
 726.00000;  10.52133;   1.55007
 727.00000;  10.49867;   1.56394
 728.00000;  10.51600;   1.57075
 729.00000;  10.56200;   1.55914
 730.00000;  10.56533;   1.55288
 731.00000;  10.60333;   1.58209
 732.00000;  10.66867;   1.63043
 733.00000;  10.66267;   1.59789
 734.00000;  10.64400;   1.57394
 735.00000;  10.64667;   1.57546
 736.00000;  10.69933;   1.58917
 737.00000;  10.69800;   1.61621
 738.00000;  10.68667;   1.63402
 739.00000;  10.71733;   1.62355
 740.00000;  10.80267;   1.60267
 741.00000;  10.81600;   1.59993
 742.00000;  10.73800;   1.62018
 743.00000;  10.74467;   1.62684
 744.00000;  10.77933;   1.63744
 745.00000;  10.82467;   1.64224
 746.00000;  10.85933;   1.60469
 747.00000;  10.81533;   1.60350
 748.00000;  10.78733;   1.63248
 749.00000;  10.86400;   1.66071
 750.00000;  10.92133;   1.64709
 751.00000;  10.90867;   1.63756
 752.00000;  10.84333;   1.65831
 753.00000;  10.85267;   1.66952
 754.00000;  10.88200;   1.67454
 755.00000;  10.91800;   1.66159
 756.00000;  10.96200;   1.61043
 757.00000;  10.90800;   1.59849
 758.00000;  10.85600;   1.61442
 759.00000;  10.94000;   1.62674
 760.00000;  11.01467;   1.60455
 761.00000;  11.04933;   1.56331
 762.00000;  10.98600;   1.58080
 763.00000;  10.76133;   1.62532
 764.00000;  10.80267;   1.64355
 765.00000;  10.99667;   1.63128
 766.00000;  11.01733;   1.62410
 767.00000;  11.00600;   1.65268
 768.00000;  10.98733;   1.67945
 769.00000;  10.97267;   1.68455
 770.00000;  10.97533;   1.68772
 771.00000;  11.01267;   1.67424
 772.00000;  11.06933;   1.64505
 773.00000;  11.02667;   1.64249
 774.00000;  11.00133;   1.66344
 775.00000;  11.01267;   1.68169
 776.00000;  11.01933;   1.63083
 777.00000;  11.05200;   1.62254
 778.00000;  11.07267;   1.64190
 779.00000;  11.04467;   1.65304
 780.00000;  11.05667;   1.68151
 781.00000;  11.08067;   1.69177
 782.00000;  11.08600;   1.66959
 783.00000;  11.09000;   1.63802
 784.00000;  11.06067;   1.63505
 785.00000;  11.02467;   1.64882
 786.00000;  11.03933;   1.65324
 787.00000;  11.07200;   1.65771
 788.00000;  11.07800;   1.65259
 789.00000;  11.04200;   1.63649
 790.00000;  11.06067;   1.66408
 791.00000;  11.12867;   1.66120
 792.00000;  11.19533;   1.61897
 793.00000;  11.09533;   1.64468
 794.00000;  11.06267;   1.66616
 795.00000;  11.09867;   1.67785
 796.00000;  11.09400;   1.68314
 797.00000;  11.12933;   1.69045
 798.00000;  11.16400;   1.70500
 799.00000;  11.15000;   1.71874
 800.00000;  11.12400;   1.68726
 801.00000;  11.12933;   1.67135
 802.00000;  11.17200;   1.67868
 803.00000;  11.20400;   1.60515
 804.00000;  11.13467;   1.61122
 805.00000;  11.04867;   1.68096
 806.00000;  11.08533;   1.72035
 807.00000;  11.09533;   1.70681
 808.00000;  11.12067;   1.67064
 809.00000;  11.17467;   1.63842
 810.00000;  11.12067;   1.62524
 811.00000;  11.08600;   1.66492
 812.00000;  11.10800;   1.73422
 813.00000;  11.13667;   1.73683
 814.00000;  11.09267;   1.69339
 815.00000;  11.04667;   1.66221
 816.00000;  11.08933;   1.70049
 817.00000;  11.12400;   1.73106
 818.00000;  11.17267;   1.68335
 819.00000;  11.20933;   1.59509
 820.00000;  11.09600;   1.68979
 821.00000;  11.09867;   1.69245
 822.00000;  11.18200;   1.62086
 823.00000;  11.16600;   1.61853
 824.00000;  11.08733;   1.65091
 825.00000;  11.05800;   1.68586
 826.00000;  11.12667;   1.70443
 827.00000;  11.22000;   1.71668
 828.00000;  11.23133;   1.65767
 829.00000;  11.15400;   1.58789
 830.00000;  11.08333;   1.68666
 831.00000;  11.00667;   1.74058
 832.00000;  10.97800;   1.72034
 833.00000;  11.05067;   1.67186
 834.00000;  11.19333;   1.62010
 835.00000;  11.20000;   1.59468
 836.00000;  11.04000;   1.61403
 837.00000;  10.92867;   1.71452
 838.00000;  10.99733;   1.68404
 839.00000;  11.14467;   1.57777
 840.00000;  11.16600;   1.57595
 841.00000;  11.10867;   1.62603
 842.00000;  11.08600;   1.67255
 843.00000;  11.14467;   1.68102
 844.00000;  11.12200;   1.66474
 845.00000;  11.19067;   1.63443
 846.00000;  11.25733;   1.60623
 847.00000;  11.06000;   1.60597
 848.00000;  11.03333;   1.63383
 849.00000;  11.10467;   1.63928
 850.00000;  11.12533;   1.60060
 851.00000;  11.04600;   1.62082
 852.00000;  11.04067;   1.65583
 853.00000;  11.11800;   1.67238
 854.00000;  11.07867;   1.66640
 855.00000;  11.02400;   1.64770
 856.00000;  10.99667;   1.66091
 857.00000;  11.01600;   1.71165
 858.00000;  11.03600;   1.69587
 859.00000;  11.08600;   1.65222
 860.00000;  11.11333;   1.62586
 861.00000;  10.90933;   1.67865
 862.00000;  10.88000;   1.73330
 863.00000;  10.98800;   1.70140
 864.00000;  11.05867;   1.55699
 865.00000;  11.10133;   1.52572
 866.00000;  11.02867;   1.56630
 867.00000;  10.86467;   1.64800
 868.00000;  10.85533;   1.69796
 869.00000;  10.98667;   1.61295
 870.00000;  11.11800;   1.52376
 871.00000;  11.08400;   1.57275
 872.00000;  11.09733;   1.63194
 873.00000;  11.07400;   1.68982
 874.00000;  11.00867;   1.70950
 875.00000;  11.10533;   1.60671
 876.00000;  11.12933;   1.53779
 877.00000;  11.09533;   1.52755
 878.00000;  11.12200;   1.55030
 879.00000;  11.21000;   1.65240
 880.00000;  11.18333;   1.70975
 881.00000;  10.99533;   1.66331
 882.00000;  10.90333;   1.65788
 883.00000;  10.96267;   1.66937
 884.00000;  11.06267;   1.64242
 885.00000;  11.03067;   1.53790
 886.00000;  11.08733;   1.59025
 887.00000;  11.05733;   1.66984
 888.00000;  10.93867;   1.65001
 889.00000;  11.17867;   1.59199
 890.00000;  11.23667;   1.50097
 891.00000;  11.05333;   1.50084
 892.00000;  10.81467;   1.69779
 893.00000;  10.89467;   1.72120
 894.00000;  11.07200;   1.61247
 895.00000;  11.15733;   1.49339
 896.00000;  11.12533;   1.45437
 897.00000;  11.03067;   1.53178
 898.00000;  10.95333;   1.67364
 899.00000;  10.99067;   1.75193
 900.00000;  11.23133;   1.63503
 901.00000;  11.26600;   1.49223
 902.00000;  11.04867;   1.46994
 903.00000;  11.01400;   1.69143
 904.00000;  11.10800;   1.80536
 905.00000;  11.14800;   1.72552
 906.00000;  11.01200;   1.54792
 907.00000;  11.25133;   1.61399
 908.00000;  11.27733;   1.65785
 909.00000;  11.00467;   1.58785
 910.00000;  10.99800;   1.64190
 911.00000;  11.10067;   1.60850
 912.00000;  11.04933;   1.58390
 913.00000;  10.77067;   1.59898
 914.00000;  10.93000;   1.55737
 915.00000;  11.09467;   1.48465
 916.00000;  11.13200;   1.46825
 917.00000;  11.12933;   1.63292
 918.00000;  11.02867;   1.62519
 919.00000;  11.07467;   1.55075
 920.00000;  11.32133;   1.53911
 921.00000;  11.38667;   1.55078
 922.00000;  11.12800;   1.60410
 923.00000;  10.88467;   1.67030
 924.00000;  11.11733;   1.74309
 925.00000;  11.39267;   1.55725
 926.00000;  11.49000;   1.41735
 927.00000;  11.34400;   1.45489
 928.00000;  11.06933;   1.84548
 929.00000;  11.14933;   1.92805
 930.00000;  11.54533;   1.69721
 931.00000;  11.90133;   1.78904
 932.00000;  11.71667;   1.43382
 933.00000;  11.05200;   1.48252
 934.00000;  10.55733;   2.01765
 935.00000;  11.16400;   2.15578
 936.00000;  11.43000;   2.01977
 937.00000;  11.50600;   1.59692
 938.00000;  11.47267;   1.40694
 939.00000;  10.92600;   1.65895
 940.00000;  11.54400;   1.76388
 941.00000;  12.08267;   1.53313
 942.00000;  11.22067;   1.24707
 943.00000;  11.40600;   1.41186
 944.00000;  11.41267;   1.64092
 945.00000;  11.10267;   1.65804
 946.00000;  11.36267;   1.73335
 947.00000;  11.52867;   1.46105
 948.00000;  11.38000;   1.40626
 949.00000;  11.18133;   1.79326
 950.00000;  11.95800;   1.78416
 951.00000;  12.10467;   1.63924
 952.00000;  11.57800;   1.55853
 953.00000;  10.98333;   1.73464
 954.00000;  11.25333;   2.07865
 955.00000;  11.69067;   1.72317
 956.00000;  11.75000;   1.55331
 957.00000;  11.28600;   1.40297
 958.00000;  10.97667;   1.33411
 959.00000;  11.15000;   1.75647
 960.00000;  11.77533;   2.33181
 961.00000;  12.47333;   1.62806
 962.00000;  11.96867;   1.43965
 963.00000;  11.27000;   1.66700
 964.00000;  11.33533;   2.01805
 965.00000;  11.14933;   1.87844
 966.00000;  11.75467;   1.50433
 967.00000;  12.38400;   1.40306
 968.00000;  11.89467;   1.64461
 969.00000;  11.42933;   1.71765
 970.00000;  11.20800;   1.67296
 971.00000;  11.26333;   1.65209
 972.00000;  11.47133;   1.68430
 973.00000;  11.54333;   1.51614
 974.00000;  11.39200;   1.42023
 975.00000;  11.25400;   1.58504
 976.00000;  11.85867;   1.54840
 977.00000;  11.20733;   1.46669
 978.00000;  10.65333;   1.52096
 979.00000;  11.52267;   1.81842
 980.00000;  11.87800;   1.51835
 981.00000;  11.62067;   1.52208
 982.00000;  11.32267;   1.81733
 983.00000;  11.63933;   1.75198
 984.00000;  11.31533;   1.72440
 985.00000;  11.66333;   1.70991
 986.00000;  12.37067;   1.62834
 987.00000;  11.94533;   1.51243
 988.00000;  11.03067;   1.70273
 989.00000;  10.87800;   1.87438
 990.00000;  11.71400;   1.68290
 991.00000;  12.34133;   1.52442
 992.00000;  11.82200;   1.44777
 993.00000;  11.25000;   1.55271
 994.00000;  11.43067;   1.71927
 995.00000;  11.62933;   1.74633
 996.00000;  12.11267;   1.43756
 997.00000;  12.19533;   1.20334
 998.00000;  11.55400;   1.33039
 999.00000;  11.58800;   2.08884
1000.00000;  12.19067;   1.81236
1001.00000;  11.24600;   1.88129
1002.00000;  11.23267;   1.87443
1003.00000;  11.25067;   1.82817
1004.00000;  11.24467;   1.82468
1005.00000;  11.24533;   1.83284
1006.00000;  11.28067;   1.89887
1007.00000;  11.26867;   1.88080
1008.00000;  11.20267;   1.84623
1009.00000;  11.19067;   1.82727
1010.00000;  11.19933;   1.74035
1011.00000;  11.19533;   1.73979
1012.00000;  11.19867;   1.82119
1013.00000;  11.20400;   1.85282
1014.00000;  11.19267;   1.90183
1015.00000;  11.20400;   1.91514
1016.00000;  11.26267;   1.88591
1017.00000;  11.27733;   1.88343
1018.00000;  11.27933;   1.88123
1019.00000;  11.27533;   1.86968
1020.00000;  11.26800;   1.85480
1021.00000;  11.23667;   1.84933
1022.00000;  11.20600;   1.84804
1023.00000;  11.17133;   1.82988
1024.00000;  11.16000;   1.83700
1025.00000;  11.15800;   1.89734
1026.00000;  11.14133;   1.89062
1027.00000;  11.12467;   1.82849
1028.00000;  11.12267;   1.81137
1029.00000;  11.10867;   1.77754
1030.00000;  11.10467;   1.76888
1031.00000;  11.13733;   1.81771
1032.00000;  11.15733;   1.82715
1033.00000;  11.16933;   1.82337
1034.00000;  11.17533;   1.80763
1035.00000;  11.16733;   1.78814
1036.00000;  11.14133;   1.72941
1037.00000;  11.14133;   1.72935
1038.00000;  11.14067;   1.76215
1039.00000;  11.13400;   1.76560
1040.00000;  11.13667;   1.78186
1041.00000;  11.14267;   1.79269
1042.00000;  11.14267;   1.77631
1043.00000;  11.13800;   1.77274
1044.00000;  11.14733;   1.78524
1045.00000;  11.15000;   1.78658
1046.00000;  11.12867;   1.77808
1047.00000;  11.11800;   1.77895
1048.00000;  11.11467;   1.77430
1049.00000;  11.12467;   1.76053
1050.00000;  11.12067;   1.76930
1051.00000;  11.11600;   1.80378
1052.00000;  11.10600;   1.79996
1053.00000;  11.07800;   1.77778
1054.00000;  11.07933;   1.78857
1055.00000;  11.09933;   1.80039
1056.00000;  11.11000;   1.80833
1057.00000;  11.14133;   1.86451
1058.00000;  11.15333;   1.87570
1059.00000;  11.16000;   1.81738
1060.00000;  11.14467;   1.81074
1061.00000;  11.09867;   1.82696
1062.00000;  11.06067;   1.82345
1063.00000;  11.03200;   1.81058
1064.00000;  10.98267;   1.80597
1065.00000;  10.96800;   1.80033
1066.00000;  10.99000;   1.77054
1067.00000;  10.98400;   1.74184
1068.00000;  10.96933;   1.72547
1069.00000;  10.97133;   1.71840
1070.00000;  10.98267;   1.69289
1071.00000;  10.98000;   1.69602
1072.00000;  10.96867;   1.76513
1073.00000;  10.97600;   1.78380
1074.00000;  10.97600;   1.77800
1075.00000;  10.98133;   1.78010
1076.00000;  11.01000;   1.77956
1077.00000;  11.03133;   1.72693
1078.00000;  11.00733;   1.71449
1079.00000;  11.00933;   1.75381
1080.00000;  11.00933;   1.75734
1081.00000;  11.00267;   1.76569
1082.00000;  10.99933;   1.75876
1083.00000;  11.01533;   1.69387
1084.00000;  11.01333;   1.70034
1085.00000;  10.98533;   1.75013
1086.00000;  10.99267;   1.77443
1087.00000;  11.03400;   1.85165
1088.00000;  11.02933;   1.86623
1089.00000;  11.02533;   1.80004
1090.00000;  11.01667;   1.77655
1091.00000;  10.95000;   1.74692
1092.00000;  10.94133;   1.72072
1093.00000;  10.92667;   1.71907
1094.00000;  10.89933;   1.72201
1095.00000;  10.89200;   1.72451
1096.00000;  10.87933;   1.72502
1097.00000;  10.87800;   1.73325
1098.00000;  10.90733;   1.76270
1099.00000;  10.91533;   1.76524
1100.00000;  10.92733;   1.74864
1101.00000;  10.91600;   1.75987
1102.00000;  10.87600;   1.77673
1103.00000;  10.85800;   1.78455
1104.00000;  10.82667;   1.80582
1105.00000;  10.80533;   1.81684
1106.00000;  10.78267;   1.80343
1107.00000;  10.80600;   1.78119
1108.00000;  10.82400;   1.75482
1109.00000;  10.83400;   1.73242
1110.00000;  10.88267;   1.71453
1111.00000;  10.90800;   1.71429
1112.00000;  10.88600;   1.72402
1113.00000;  10.81133;   1.78848
1114.00000;  10.75400;   1.82585
1115.00000;  10.61533;   1.87704
1116.00000;  10.52933;   1.88316
1117.00000;  10.51400;   1.84569
1118.00000;  10.43333;   1.83783
1119.00000;  10.28400;   1.76753
1120.00000;  10.21133;   1.73893
1121.00000;  10.17133;   1.73722
1122.00000;  10.10067;   1.76411
1123.00000;  10.12733;   1.86120
1124.00000;  10.10000;   1.82058
1125.00000;   9.96467;   1.80469
1126.00000;   9.91533;   1.87557
1127.00000;   9.94800;   1.89059
1128.00000;  10.05000;   1.89487
1129.00000;  10.13933;   1.90937
1130.00000;  10.32533;   1.88753
1131.00000;  10.39800;   1.89037
1132.00000;  10.39800;   1.92471
1133.00000;  10.43867;   1.93108
1134.00000;  10.53533;   1.96179
1135.00000;  10.52667;   1.94343
1136.00000;  10.44733;   1.88514
1137.00000;  10.42133;   1.82434
1138.00000;  10.39267;   1.77453
1139.00000;  10.33867;   1.75357
1140.00000;  10.37667;   1.80866
1141.00000;  10.38667;   1.85402
1142.00000;  10.38267;   1.85213
1143.00000;  10.38867;   1.82606
1144.00000;  10.37867;   1.80084
1145.00000;  10.37800;   1.73453
1146.00000;  10.38467;   1.69371
1147.00000;  10.35533;   1.63897
1148.00000;  10.37733;   1.66165
1149.00000;  10.44800;   1.73365
1150.00000;  10.47667;   1.75405
1151.00000;  10.49400;   1.79941
1152.00000;  10.53800;   1.81546
1153.00000;  10.57133;   1.77888
1154.00000;  10.60400;   1.72600
1155.00000;  10.64067;   1.65565
1156.00000;  10.65133;   1.66323
1157.00000;  10.63067;   1.69453
1158.00000;  10.60800;   1.68383
1159.00000;  10.59733;   1.69844
1160.00000;  10.61133;   1.71082
1161.00000;  10.63200;   1.70333
1162.00000;  10.68533;   1.66112
1163.00000;  10.68867;   1.66708
1164.00000;  10.66667;   1.69766
1165.00000;  10.66867;   1.69281
1166.00000;  10.65267;   1.68316
1167.00000;  10.65267;   1.67946
1168.00000;  10.68333;   1.65198
1169.00000;  10.68933;   1.63846
1170.00000;  10.66600;   1.65752
1171.00000;  10.66400;   1.67926
1172.00000;  10.64600;   1.69202
1173.00000;  10.66267;   1.69203
1174.00000;  10.70000;   1.67291
1175.00000;  10.68867;   1.66677
1176.00000;  10.67533;   1.67033
1177.00000;  10.66600;   1.68226
1178.00000;  10.66400;   1.68231
1179.00000;  10.66733;   1.68415
1180.00000;  10.67533;   1.68216
1181.00000;  10.69600;   1.66285
1182.00000;  10.70067;   1.66678
1183.00000;  10.70533;   1.69938
1184.00000;  10.69533;   1.70902
1185.00000;  10.66867;   1.70911
1186.00000;  10.64600;   1.72128
1187.00000;  10.64733;   1.70925
1188.00000;  10.65067;   1.69414
1189.00000;  10.67067;   1.69956
1190.00000;  10.69933;   1.68983
1191.00000;  10.71133;   1.68067
1192.00000;  10.70933;   1.68931
1193.00000;  10.69400;   1.68440
1194.00000;  10.69667;   1.67023
1195.00000;  10.70933;   1.66372
1196.00000;  10.69800;   1.64158
1197.00000;  10.69267;   1.64142
1198.00000;  10.69133;   1.67488
1199.00000;  10.68867;   1.67613
1200.00000;  10.67800;   1.67296
1201.00000;  10.67667;   1.67671
1202.00000;  10.68667;   1.67972
1203.00000;  10.68733;   1.65404
1204.00000;  10.68000;   1.65927
1205.00000;  10.66867;   1.68426
1206.00000;  10.65533;   1.68056
1207.00000;  10.66133;   1.67747
1208.00000;  10.66733;   1.67950
1209.00000;  10.66733;   1.66551
1210.00000;  10.68267;   1.65157
1211.00000;  10.68400;   1.63901
1212.00000;  10.68333;   1.63368
1213.00000;  10.69800;   1.63981
1214.00000;  10.70467;   1.64566
1215.00000;  10.70200;   1.66121
1216.00000;  10.70467;   1.66708
1217.00000;  10.70133;   1.66042
1218.00000;  10.70933;   1.65661
1219.00000;  10.72733;   1.65115
1220.00000;  10.75200;   1.64784
1221.00000;  10.76400;   1.65107
1222.00000;  10.76400;   1.66218
1223.00000;  10.76800;   1.67785
1224.00000;  10.75800;   1.68713
1225.00000;  10.74800;   1.67411
1226.00000;  10.76600;   1.66827
1227.00000;  10.77067;   1.64540
1228.00000;  10.76867;   1.64481
1229.00000;  10.78067;   1.67160
1230.00000;  10.77667;   1.67173
1231.00000;  10.76533;   1.68098
1232.00000;  10.75467;   1.67983
1233.00000;  10.75667;   1.65848
1234.00000;  10.76867;   1.64770
1235.00000;  10.77667;   1.64317
1236.00000;  10.80133;   1.64581
1237.00000;  10.81000;   1.64790
1238.00000;  10.81267;   1.65042
1239.00000;  10.79600;   1.65633
1240.00000;  10.80200;   1.66129
1241.00000;  10.80133;   1.65159
1242.00000;  10.78267;   1.64057
1243.00000;  10.78667;   1.64060
1244.00000;  10.79933;   1.64585
1245.00000;  10.80067;   1.64970
1246.00000;  10.80000;   1.66065
1247.00000;  10.80400;   1.66736
1248.00000;  10.80933;   1.66932
1249.00000;  10.79133;   1.67239
1250.00000;  10.79267;   1.67839
1251.00000;  10.81600;   1.68507
1252.00000;  10.80667;   1.68792
1253.00000;  10.80600;   1.68689
1254.00000;  10.80867;   1.68459
1255.00000;  10.81133;   1.68130
1256.00000;  10.80867;   1.68485
1257.00000;  10.80733;   1.69023
1258.00000;  10.80800;   1.67994
1259.00000;  10.80133;   1.67987
1260.00000;  10.80400;   1.66296
1261.00000;  10.81200;   1.64856
1262.00000;  10.82000;   1.65012
1263.00000;  10.82733;   1.64207
1264.00000;  10.84067;   1.63466
1265.00000;  10.83933;   1.62220
1266.00000;  10.82333;   1.61133
1267.00000;  10.82533;   1.61160
1268.00000;  10.82067;   1.61821
1269.00000;  10.80533;   1.62975
1270.00000;  10.81867;   1.64528
1271.00000;  10.82400;   1.66517
1272.00000;  10.81133;   1.68390
1273.00000;  10.81933;   1.69229
1274.00000;  10.81467;   1.66963
1275.00000;  10.82400;   1.65907
1276.00000;  10.83933;   1.64545
1277.00000;  10.86867;   1.63730
1278.00000;  10.88067;   1.62914
1279.00000;  10.88067;   1.65090
1280.00000;  10.85667;   1.66106
1281.00000;  10.83267;   1.64733
1282.00000;  10.82000;   1.64026
1283.00000;  10.82133;   1.64556
1284.00000;  10.83667;   1.64643
1285.00000;  10.83267;   1.65805
1286.00000;  10.82933;   1.66800
1287.00000;  10.85400;   1.66886
1288.00000;  10.85200;   1.68056
1289.00000;  10.85800;   1.68772
1290.00000;  10.86467;   1.69768
1291.00000;  10.83933;   1.70653
1292.00000;  10.83800;   1.68763
1293.00000;  10.84267;   1.67478
1294.00000;  10.84933;   1.67255
1295.00000;  10.86000;   1.67141
1296.00000;  10.86267;   1.67370
1297.00000;  10.86333;   1.68555
1298.00000;  10.86267;   1.70523
1299.00000;  10.84800;   1.71231
1300.00000;  10.84667;   1.71043
1301.00000;  10.85133;   1.70922
1302.00000;  10.85000;   1.68837
1303.00000;  10.86267;   1.66341
1304.00000;  10.87067;   1.65511
1305.00000;  10.85667;   1.64905
1306.00000;  10.83400;   1.64518
1307.00000;  10.82867;   1.65476
1308.00000;  10.82533;   1.64368
1309.00000;  10.80733;   1.62443
1310.00000;  10.81133;   1.61719
1311.00000;  10.82667;   1.61419
1312.00000;  10.82533;   1.62609
1313.00000;  10.83000;   1.65096
1314.00000;  10.85000;   1.66676
1315.00000;  10.85600;   1.65505
1316.00000;  10.84533;   1.63892
1317.00000;  10.83933;   1.63153
1318.00000;  10.83933;   1.63504
1319.00000;  10.83667;   1.64491
1320.00000;  10.81933;   1.66118
1321.00000;  10.81467;   1.67938
1322.00000;  10.80467;   1.69074
1323.00000;  10.79067;   1.67100
1324.00000;  10.77333;   1.66637
1325.00000;  10.75800;   1.66763
1326.00000;  10.74333;   1.61922
1327.00000;  10.72200;   1.58014
1328.00000;  10.70800;   1.56886
1329.00000;  10.66800;   1.54876
1330.00000;  10.63200;   1.54159
1331.00000;  10.61400;   1.55127
1332.00000;  10.59200;   1.56929
1333.00000;  10.63867;   1.56461
1334.00000;  10.69867;   1.56240
1335.00000;  10.70467;   1.57036
1336.00000;  10.74400;   1.54508
1337.00000;  10.76733;   1.53806
1338.00000;  10.74667;   1.56790
1339.00000;  10.74400;   1.59190
1340.00000;  10.72000;   1.63387
1341.00000;  10.67733;   1.64990
1342.00000;  10.57333;   1.65300
1343.00000;  10.50333;   1.62814
1344.00000;  10.50067;   1.62602
1345.00000;  10.46933;   1.58243
1346.00000;  10.42667;   1.56523
1347.00000;  10.38333;   1.58399
1348.00000;  10.17333;   1.57893
1349.00000;   9.91333;   1.67737
1350.00000;   9.70600;   1.82677
1351.00000;   9.51800;   2.02103
1352.00000;   9.25733;   2.40132
1353.00000;   8.80133;   2.71077
1354.00000;   8.17400;   3.14771
1355.00000;   7.15000;   3.74402
1356.00000;   5.44600;   4.41046
1357.00000;   4.88400;   5.14296
1358.00000;   4.41200;   5.92179
1359.00000;   5.68067;   9.75190
1360.00000;   7.81467;  14.70044
1361.00000;   5.91667;  16.63715
1362.00000;  13.84400;  48.62634
1363.00000;  19.25733;  63.61900
1364.00000; 117.11733; 192.67267
1365.00000;  65.06733;  82.47714
1366.00000;  54.94867;  67.96164
1367.00000;  71.75467; 101.10299
1368.00000; 378.99933; 645.73146
1369.00000; 123.34533; 164.51531
1370.00000; 166.31667; 168.33785
1371.00000; 113.37533;  75.12919
1372.00000; 100.25867;  70.27526
1373.00000; 132.17533; 102.83217
1374.00000; 360.06133; 309.00930
1375.00000; 227.21800; 264.85059
1376.00000; 385.92733; 386.39047
1377.00000;  32.78533; 122.67148
1378.00000; 183.32200; 325.06834
1379.00000;  75.39200; 138.11445
1380.00000;  47.10400;  89.14512
1381.00000;  39.50467;  71.42851
1382.00000; 166.35467; 187.04172
1383.00000;  73.61600; 126.60187
1384.00000;  44.10600; 165.02954
1385.00000;   0.61200;   2.28989
1386.00000;   1.41733;   5.30318
1387.00000;   8.34800;  17.30126
1388.00000;   9.06333;  23.73114
1389.00000;   7.61533;  28.49397
1390.00000;   6.87400;  23.72374
1391.00000;   4.93733;  16.27779
1392.00000;   2.79933;   8.44158
1393.00000;   2.20333;   5.50892
1394.00000;   2.79867;   5.86267
1395.00000;   1.60267;   5.99663
1396.00000;   1.32000;   4.93899
1397.00000;   0.71133;   2.66157
1398.00000;   0.28733;   0.79070
1399.00000;   1.72733;   4.47043
1400.00000;   2.35333;   6.18117
1401.00000;   1.77533;   4.95697
1402.00000;   1.61267;   3.84947
1403.00000;   2.46067;   4.83790
1404.00000;   2.37333;   3.54374
1405.00000;   3.02467;   3.33681
1406.00000;   3.29933;   4.05748
1407.00000;   3.20267;   3.88043
1408.00000;   3.69600;   3.27950
1409.00000;   4.48867;   2.91604
1410.00000;   5.11600;   3.28968
1411.00000;   5.69267;   3.08922
1412.00000;   6.26800;   3.31621
1413.00000;   6.53333;   3.43552
1414.00000;   6.81733;   2.85725
1415.00000;   7.09333;   2.64048
1416.00000;   7.22800;   2.43068
1417.00000;   7.42933;   2.38633
1418.00000;   7.65267;   2.30696
1419.00000;   8.08400;   2.42562
1420.00000;   8.26267;   2.36786
1421.00000;   8.26467;   2.16131
1422.00000;   8.36067;   2.00155
1423.00000;   8.40133;   1.71618
1424.00000;   8.48067;   1.54709
1425.00000;   8.60267;   1.38130
1426.00000;   8.82467;   1.35158
1427.00000;   8.83800;   1.41118
1428.00000;   9.00000;   1.62551
1429.00000;   9.14200;   1.64009
1430.00000;   9.07800;   1.70554
1431.00000;   9.09000;   1.66691
1432.00000;   9.09733;   1.49771
1433.00000;   8.98867;   1.52991
1434.00000;   8.90533;   1.62606
1435.00000;   8.90600;   1.59759
1436.00000;   8.90733;   1.47795
1437.00000;   8.93267;   1.51990
1438.00000;   9.02533;   1.51128
1439.00000;   9.00133;   1.46212
1440.00000;   8.94467;   1.52913
1441.00000;   9.06267;   1.53102
1442.00000;   9.08733;   1.44606
1443.00000;   9.12667;   1.50421
1444.00000;   9.26067;   1.53303
1445.00000;   9.25267;   1.57537
1446.00000;   9.30867;   1.56524
1447.00000;   9.41933;   1.46107
1448.00000;   9.50067;   1.44197
1449.00000;   9.54400;   1.42226
1450.00000;   9.55400;   1.40871
1451.00000;   9.57867;   1.39292
1452.00000;   9.58733;   1.38773
1453.00000;   9.60400;   1.37560
1454.00000;   9.63533;   1.35069
1455.00000;   9.68000;   1.35056
1456.00000;   9.71200;   1.35017
1457.00000;   9.74067;   1.36713
1458.00000;   9.79800;   1.39485
1459.00000;   9.83133;   1.41807
1460.00000;   9.79533;   1.46857
1461.00000;   9.78667;   1.47688
1462.00000;   9.75333;   1.42289
1463.00000;   9.67067;   1.41244
1464.00000;   9.65867;   1.39902
1465.00000;   9.64867;   1.42903
1466.00000;   9.62000;   1.48871
1467.00000;   9.70000;   1.47719
1468.00000;   9.73800;   1.44438
1469.00000;   9.71200;   1.41917
1470.00000;   9.74933;   1.38710
1471.00000;   9.77200;   1.40645
1472.00000;   9.76600;   1.48331
1473.00000;   9.80867;   1.48052
1474.00000;   9.84133;   1.45053
1475.00000;   9.84267;   1.47889
1476.00000;   9.90200;   1.44309
1477.00000;   9.93333;   1.42095
1478.00000;   9.91067;   1.47521
1479.00000;   9.90600;   1.47895
1480.00000;   9.89800;   1.46050
1481.00000;   9.93333;   1.44375
1482.00000;   9.98800;   1.38977
1483.00000;  10.01067;   1.36278
1484.00000;  10.00867;   1.37345
1485.00000;   9.98933;   1.39979
1486.00000;   9.99067;   1.42232
1487.00000;   9.99533;   1.46027
1488.00000;  10.01667;   1.46356
1489.00000;  10.05800;   1.45127
1490.00000;  10.08267;   1.44731
1491.00000;  10.11600;   1.44732
1492.00000;  10.13200;   1.43513
1493.00000;  10.12600;   1.41209
1494.00000;  10.13600;   1.39718
1495.00000;  10.14933;   1.37156
1496.00000;  10.16133;   1.34292
1497.00000;  10.17933;   1.33185
1498.00000;  10.22333;   1.35680
1499.00000;  10.25667;   1.38512
1500.00000;  10.26133;   1.39703
1501.00000;  10.26933;   1.39722
1502.00000;  10.25467;   1.38712
1503.00000;  10.24133;   1.38194
1504.00000;  10.25800;   1.39911
1505.00000;  10.27400;   1.41517
1506.00000;  10.29333;   1.43285
1507.00000;  10.31200;   1.43805
1508.00000;  10.29867;   1.42833
1509.00000;  10.28267;   1.42389
1510.00000;  10.29533;   1.43103
1511.00000;  10.29800;   1.43280
1512.00000;  10.31533;   1.42016
1513.00000;  10.33933;   1.42301
1514.00000;  10.33200;   1.42862
1515.00000;  10.33200;   1.42102
1516.00000;  10.34400;   1.42269
1517.00000;  10.35733;   1.41825
1518.00000;  10.38333;   1.39883
1519.00000;  10.39733;   1.39238
1520.00000;  10.39400;   1.40427
1521.00000;  10.38400;   1.41307
1522.00000;  10.38067;   1.39823
1523.00000;  10.37667;   1.40477
1524.00000;  10.37600;   1.41496
1525.00000;  10.39600;   1.39896
1526.00000;  10.40333;   1.40348
1527.00000;  10.41000;   1.41377
1528.00000;  10.43467;   1.40040
1529.00000;  10.44000;   1.40379
1530.00000;  10.44333;   1.42063
1531.00000;  10.45267;   1.42434
1532.00000;  10.44000;   1.42345
1533.00000;  10.44200;   1.43055
1534.00000;  10.45000;   1.43724
1535.00000;  10.46267;   1.43918
1536.00000;  10.48467;   1.44778
1537.00000;  10.49533;   1.45152
1538.00000;  10.50600;   1.43471
1539.00000;  10.50800;   1.43073
1540.00000;  10.49800;   1.43551
1541.00000;  10.49733;   1.43569
1542.00000;  10.49000;   1.43917
1543.00000;  10.49200;   1.43838
1544.00000;  10.50267;   1.43587
1545.00000;  10.52467;   1.41663
1546.00000;  10.52333;   1.40922
1547.00000;  10.54400;   1.41020
1548.00000;  10.56867;   1.41953
1549.00000;  10.56400;   1.43750
1550.00000;  10.57067;   1.43823
1551.00000;  10.57867;   1.44241
1552.00000;  10.55933;   1.45483
1553.00000;  10.55067;   1.45460
1554.00000;  10.56133;   1.47306
1555.00000;  10.55400;   1.47246
1556.00000;  10.56067;   1.45237
1557.00000;  10.57533;   1.45566
1558.00000;  10.58333;   1.44742
1559.00000;  10.59533;   1.45566
1560.00000;  10.59600;   1.47740
1561.00000;  10.59733;   1.45718
1562.00000;  10.61933;   1.44136
1563.00000;  10.64133;   1.43721
1564.00000;  10.65467;   1.43038
1565.00000;  10.67000;   1.44405
1566.00000;  10.66400;   1.45906
1567.00000;  10.64200;   1.46548
1568.00000;  10.65267;   1.46014
1569.00000;  10.67200;   1.46419
1570.00000;  10.67267;   1.48371
1571.00000;  10.67867;   1.49217
1572.00000;  10.68733;   1.50244
1573.00000;  10.67400;   1.49497
1574.00000;  10.67867;   1.46862
1575.00000;  10.70467;   1.46795
1576.00000;  10.70467;   1.46637
1577.00000;  10.68800;   1.46985
1578.00000;  10.67067;   1.47489
1579.00000;  10.65333;   1.47737
1580.00000;  10.66267;   1.48507
1581.00000;  10.68667;   1.48792
1582.00000;  10.70200;   1.49664
1583.00000;  10.72000;   1.51125
1584.00000;  10.72467;   1.50593
1585.00000;  10.70467;   1.50437
1586.00000;  10.71467;   1.50854
1587.00000;  10.73000;   1.48988
1588.00000;  10.73933;   1.46687
1589.00000;  10.76267;   1.46369
1590.00000;  10.77067;   1.44809
1591.00000;  10.76867;   1.44117
1592.00000;  10.77000;   1.45899
1593.00000;  10.77467;   1.46728
1594.00000;  10.77800;   1.46525
1595.00000;  10.78333;   1.47651
1596.00000;  10.77733;   1.49164
1597.00000;  10.77600;   1.50081
1598.00000;  10.77267;   1.50410
1599.00000;  10.77400;   1.50420
1600.00000;  10.79133;   1.49776
1601.00000;  10.80267;   1.49199
1602.00000;  10.81733;   1.48431
1603.00000;  10.82667;   1.48005
1604.00000;  10.82333;   1.48478
1605.00000;  10.82400;   1.48251
1606.00000;  10.82267;   1.49352
1607.00000;  10.82933;   1.50749
1608.00000;  10.83467;   1.49825
1609.00000;  10.83600;   1.50103
1610.00000;  10.84667;   1.49512
1611.00000;  10.85200;   1.48043
1612.00000;  10.84733;   1.48013
1613.00000;  10.86200;   1.46349
1614.00000;  10.86867;   1.45995
1615.00000;  10.86667;   1.46581
1616.00000;  10.88400;   1.46811
1617.00000;  10.88933;   1.47213
1618.00000;  10.89267;   1.47528
1619.00000;  10.89867;   1.47815
1620.00000;  10.89000;   1.48406
1621.00000;  10.89867;   1.49370
1622.00000;  10.90600;   1.50019
1623.00000;  10.91533;   1.50634
1624.00000;  10.91733;   1.51083
1625.00000;  10.91933;   1.51876
1626.00000;  10.91533;   1.51871
1627.00000;  10.90933;   1.51568
1628.00000;  10.91533;   1.51643
1629.00000;  10.92533;   1.50668
1630.00000;  10.93800;   1.50138
1631.00000;  10.94200;   1.52009
1632.00000;  10.94733;   1.52762
1633.00000;  10.96067;   1.53235
1634.00000;  10.94400;   1.54686
1635.00000;  10.95333;   1.52377
1636.00000;  10.97533;   1.51624
1637.00000;  10.96867;   1.52127
1638.00000;  10.98067;   1.50479
1639.00000;  10.96733;   1.50244
1640.00000;  10.91533;   1.51452
1641.00000;  10.89867;   1.51798
1642.00000;  10.90333;   1.53092
1643.00000;  10.92467;   1.55046
1644.00000;  10.96067;   1.55197
1645.00000;  10.98333;   1.55265
1646.00000;  10.97000;   1.54929
1647.00000;  10.95000;   1.54804
1648.00000;  10.95333;   1.56538
1649.00000;  10.95533;   1.55179
1650.00000;  10.96467;   1.55288
1651.00000;  10.99200;   1.56041
1652.00000;  11.01867;   1.52946
1653.00000;  11.03867;   1.52148
1654.00000;  11.04400;   1.51913
1655.00000;  11.03800;   1.51514
1656.00000;  11.04067;   1.54275
1657.00000;  11.02467;   1.55538
1658.00000;  11.01400;   1.56370
1659.00000;  11.01667;   1.56965
1660.00000;  10.99067;   1.55763
1661.00000;  10.98667;   1.55605
1662.00000;  10.99667;   1.56489
1663.00000;  11.00933;   1.55993
1664.00000;  11.03467;   1.54831
1665.00000;  11.02867;   1.53746
1666.00000;  11.02200;   1.53184
1667.00000;  11.03533;   1.52519
1668.00000;  11.03267;   1.53647
1669.00000;  11.04467;   1.54349
1670.00000;  11.07933;   1.53325
1671.00000;  11.09000;   1.54431
1672.00000;  11.06800;   1.54523
1673.00000;  11.06600;   1.54744
1674.00000;  11.06133;   1.54655
1675.00000;  11.05867;   1.54860
1676.00000;  11.07533;   1.55649
1677.00000;  11.09133;   1.55763
1678.00000;  11.09333;   1.55448
1679.00000;  11.09067;   1.55917
1680.00000;  11.10467;   1.56486
1681.00000;  11.11067;   1.56523
1682.00000;  11.10467;   1.58452
1683.00000;  11.10000;   1.57440
1684.00000;  11.08800;   1.52869
1685.00000;  11.09267;   1.51934
1686.00000;  11.10200;   1.51622
1687.00000;  11.10333;   1.52066
1688.00000;  11.11733;   1.55541
1689.00000;  11.12267;   1.55898
1690.00000;  11.10800;   1.53067
1691.00000;  11.11533;   1.53804
1692.00000;  11.13733;   1.56518
1693.00000;  11.14667;   1.57196
1694.00000;  11.16867;   1.59066
1695.00000;  11.15667;   1.59218
1696.00000;  11.11533;   1.55563
1697.00000;  11.10667;   1.55649
1698.00000;  11.09533;   1.58035
1699.00000;  11.09667;   1.57830
1700.00000;  11.12733;   1.58297
1701.00000;  11.14067;   1.58884
1702.00000;  11.14333;   1.57172
1703.00000;  11.14800;   1.56260
1704.00000;  11.16533;   1.57016
1705.00000;  11.15133;   1.56193
1706.00000;  11.12467;   1.54786
1707.00000;  11.10000;   1.54109
1708.00000;  11.07867;   1.55796
1709.00000;  11.09267;   1.56205
1710.00000;  11.11600;   1.56218
1711.00000;  11.13933;   1.57464
1712.00000;  11.14933;   1.55621
1713.00000;  11.13000;   1.51464
1714.00000;  11.11800;   1.50898
1715.00000;  11.11867;   1.51892
1716.00000;  11.12200;   1.51305
1717.00000;  11.13333;   1.52376
1718.00000;  11.13533;   1.54214
1719.00000;  11.13867;   1.54918
1720.00000;  11.14067;   1.56878
1721.00000;  11.13333;   1.58422
1722.00000;  11.12667;   1.57493
1723.00000;  11.12333;   1.57783
1724.00000;  11.12067;   1.58872
1725.00000;  11.12333;   1.58252
1726.00000;  11.13333;   1.59031
1727.00000;  11.13667;   1.59017
1728.00000;  11.10867;   1.55482
1729.00000;  11.09467;   1.53307
1730.00000;  11.10400;   1.53856
1731.00000;  11.09600;   1.54774
1732.00000;  11.10133;   1.56169
1733.00000;  11.11800;   1.57128
1734.00000;  11.12733;   1.58296
1735.00000;  11.14933;   1.57617
1736.00000;  11.15333;   1.55726
1737.00000;  11.11733;   1.54493
1738.00000;  11.08267;   1.53284
1739.00000;  11.05067;   1.51755
1740.00000;  11.03133;   1.51890
1741.00000;  11.06733;   1.51410
1742.00000;  11.08600;   1.49837
1743.00000;  11.07867;   1.50849
1744.00000;  11.11267;   1.52711
1745.00000;  11.11600;   1.55816
1746.00000;  11.12267;   1.60644
1747.00000;  11.13933;   1.62132
1748.00000;  11.10933;   1.59171
1749.00000;  11.08533;   1.55220
1750.00000;  11.06467;   1.53158
1751.00000;  11.05267;   1.51564
1752.00000;  11.06600;   1.52143
1753.00000;  11.06800;   1.53756
1754.00000;  11.06867;   1.53386
1755.00000;  11.08133;   1.53936
1756.00000;  11.09600;   1.55013
1757.00000;  11.09000;   1.59517
1758.00000;  11.09267;   1.59626
1759.00000;  11.07867;   1.53490
1760.00000;  11.06333;   1.52645
1761.00000;  11.06667;   1.52973
1762.00000;  11.06733;   1.52431
1763.00000;  11.06467;   1.55855
1764.00000;  11.05733;   1.55823
1765.00000;  11.05133;   1.50277
1766.00000;  11.04200;   1.48883
1767.00000;  11.01867;   1.50613
1768.00000;  11.01000;   1.51141
1769.00000;  11.02067;   1.53428
1770.00000;  11.01067;   1.55136
1771.00000;  10.97533;   1.55327
1772.00000;  10.96533;   1.56175
1773.00000;  10.95333;   1.58070
1774.00000;  10.95000;   1.58936
1775.00000;  10.97467;   1.58561
1776.00000;  10.98067;   1.57964
1777.00000;  10.97533;   1.56333
1778.00000;  10.97600;   1.54245
1779.00000;  10.97933;   1.51000
1780.00000;  10.98533;   1.52103
1781.00000;  10.99600;   1.57103
1782.00000;  11.00000;   1.57749
1783.00000;  11.00467;   1.59294
1784.00000;  10.99000;   1.57693
1785.00000;  10.97067;   1.49511
1786.00000;  10.91000;   1.48706
1787.00000;  10.85933;   1.52288
1788.00000;  10.89467;   1.58690
1789.00000;  10.88533;   1.58845
1790.00000;  10.88200;   1.50525
1791.00000;  10.93000;   1.49211
1792.00000;  10.82200;   1.43616
1793.00000;  10.73000;   1.41930
1794.00000;  10.75933;   1.49092
1795.00000;  10.70600;   1.49826
1796.00000;  10.74867;   1.53253
1797.00000;  10.82000;   1.63565
1798.00000;  10.72067;   1.55014
1799.00000;  10.66400;   1.54359
1800.00000;  10.55667;   1.48608
1801.00000;  10.45533;   1.45864
1802.00000;  10.36467;   1.61054
1803.00000;  10.28000;   1.71088
1804.00000;  10.20067;   1.63018
1805.00000;  10.14667;   1.63727
1806.00000;  10.25933;   1.77525
1807.00000;  10.18200;   2.04407
1808.00000;   9.82000;   2.31475
1809.00000;   9.74467;   2.50486
1810.00000;   9.84867;   2.79476
1811.00000;   9.72400;   2.92284
1812.00000;   9.76667;   2.58116
1813.00000;   9.68933;   2.73089
1814.00000;   8.96333;   3.21391
1815.00000;   8.65200;   3.71451
1816.00000;   9.31333;   4.52826
1817.00000;   9.10733;   5.21471
1818.00000;   8.02933;   6.51382
1819.00000;   7.50533;   7.05686
1820.00000;   6.51733;   5.92691
1821.00000;   6.46867;   5.98668
1822.00000;   8.10667;   7.08720
1823.00000;   8.55667;   8.61954
1824.00000;   9.95067;  10.96438
1825.00000;   9.67533;  11.25104
1826.00000;   7.46000;  10.04419
1827.00000;   6.98133;  10.54171
1828.00000;   5.88467;   9.94327
1829.00000;   8.98200;  14.54197
1830.00000;  12.04267;  21.39611
1831.00000;  14.40267;  26.41440
1832.00000;  14.95800;  30.37673
1833.00000;1624.67533;4518.32132
1834.00000;1292.46267;3109.44533
1835.00000;  16.65667;  18.68774
1836.00000;  34.73667;  47.35187
1837.00000;  39.44133;  55.51377
1838.00000;  53.07800;  79.36286
1839.00000; 122.60733; 211.04904
1840.00000; 230.08267; 579.25940
1841.00000; 711.69667;1163.44128
1842.00000; 194.88067; 204.52512
1843.00000; 143.18000; 123.28338
1844.00000;  67.63067; 236.96816
1845.00000;  11.53200;  34.97750
1846.00000; 141.14333; 302.68439
1847.00000; 101.70667; 216.32070
1848.00000; 107.05467; 180.72683
1849.00000;  34.64333;  47.76358
1850.00000;  28.09000;  36.70977
1851.00000;  36.13000;  57.59292
1852.00000;  41.19000;  79.97617
1853.00000;  57.84067; 109.98977
1854.00000; 203.63333; 427.97746
1855.00000;  90.56933; 160.62643
1856.00000;  44.03867;  89.94514
1857.00000;  96.21467; 221.62394
1858.00000;  42.35667;  83.66213
1859.00000;  89.05600; 110.69406
1860.00000; 493.24333; 647.07618
1861.00000; 106.12333; 191.40761
1862.00000;  39.00533;  58.01460
1863.00000;  48.90267;  68.63960
1864.00000;  44.07333;  93.59216
1865.00000;  63.72267; 169.08748
1866.00000;  46.30133;  87.26239
1867.00000;  56.21867;  98.31464
1868.00000;  62.85067; 133.51982
1869.00000; 114.19933; 308.74506
1870.00000; 113.93000; 216.11008
1871.00000; 402.00933; 715.39287
1872.00000; 104.33867; 162.99742
1873.00000;  58.82533;  79.54801
1874.00000;  56.31000;  85.93423
1875.00000;  55.27733;  84.98615
1876.00000;  56.92000;  81.27398
1877.00000; 111.29067; 173.47449
1878.00000; 123.01600; 165.74983
1879.00000; 113.12733; 172.66121
1880.00000; 107.04733; 105.35975
1881.00000;  81.16800;  95.39893
1882.00000;  89.61267; 113.71250
1883.00000;  76.59533; 108.24790
1884.00000; 138.52200; 324.01619
1885.00000;  57.98333; 169.42447
1886.00000; 130.53733; 419.96446
1887.00000;  49.04000;  72.77488
1888.00000; 160.10200; 278.78134
1889.00000; 166.30067; 321.38265
1890.00000;  44.38667;  87.80509
1891.00000; 154.86200; 393.99283
1892.00000;  86.46800; 102.94788
1893.00000;  25.93200;  39.45044
1894.00000;  34.62600;  38.25044
1895.00000;  92.14267; 150.48127
1896.00000; 178.78933; 380.07014
1897.00000;  51.64600;  74.87858
1898.00000;  47.57400;  88.07651
1899.00000;  71.32333; 132.58135
1900.00000;  35.71333;  50.55184
1901.00000;   9.43333;  21.43617
1902.00000;  27.25200;  52.09013
1903.00000;  48.21467;  86.98626
1904.00000;  53.96467; 101.39861
1905.00000;  80.77933; 108.26447
1906.00000; 103.15667; 119.35876
1907.00000;  46.53600; 100.10921
1908.00000;  42.08600;  61.31342
1909.00000;  48.52933;  87.92258
1910.00000;  83.75867; 180.82917
1911.00000;  57.48867; 132.56746
1912.00000;  48.19667;  66.69496
1913.00000; 336.83333; 667.39060
1914.00000;  71.86400; 142.84302
1915.00000; 633.15067;1397.48611
1916.00000;  23.87600;  49.53888
1917.00000;  13.81333;  19.57794
1918.00000;  19.20667;  37.42963
1919.00000;  34.00133;  70.41595
1920.00000;  20.31200;  26.24750
1921.00000;  23.63467;  20.90095
1922.00000;  44.53067;  40.04955
1923.00000;  77.59000; 101.55135
1924.00000;  44.16267;  49.60385
1925.00000;  37.22667;  38.29726
1926.00000;  35.25333;  42.61337
1927.00000;  32.16400;  40.16904
1928.00000;  19.93733;  24.29825
1929.00000;  16.30333;  21.69389
1930.00000;  13.63533;  16.87658
1931.00000;  16.56933;  17.20962
1932.00000;  16.41667;  13.63099
1933.00000;  19.09333;  18.01042
1934.00000;  16.24400;  17.86713
1935.00000;  13.20667;  18.82916
1936.00000;  12.31067;  17.02173
1937.00000;  11.78933;  14.21805
1938.00000;  11.03533;  11.92190
1939.00000;  10.05600;   7.72669
1940.00000;  13.01733;   4.76868
1941.00000;  13.00200;   4.98802
1942.00000;  10.47867;   6.92723
1943.00000;  10.12333;   6.87975
1944.00000;   9.92533;   7.66672
1945.00000;   9.43333;   6.50323
1946.00000;   9.20400;   6.61201
1947.00000;   9.99267;   6.15937
1948.00000;  10.20067;   5.72840
1949.00000;  10.22533;   5.05548
1950.00000;   8.83400;   6.61617
1951.00000;   8.92800;   5.83563
1952.00000;   9.09267;   6.35816
1953.00000;   8.04200;   6.23749
1954.00000;   7.82133;   5.63395
1955.00000;   7.69933;   4.07809
1956.00000;   7.30067;   4.49886
1957.00000;   8.38533;   4.59970
1958.00000;   8.91667;   4.35681
1959.00000;   9.08600;   4.24459
1960.00000;   9.30067;   3.98745
1961.00000;   8.91733;   4.20101
1962.00000;   8.82000;   3.97959
1963.00000;   9.02600;   3.23275
1964.00000;   9.68667;   2.65546
1965.00000;  10.56800;   2.42984
1966.00000;  10.13133;   2.27836
1967.00000;  10.04933;   1.88495
1968.00000;   9.99400;   2.28193
1969.00000;   9.31600;   2.49679
1970.00000;   9.19200;   2.42879
1971.00000;   9.42067;   2.12894
1972.00000;   9.40000;   1.80430
1973.00000;   9.54133;   1.55715
1974.00000;  10.20533;   1.57991
1975.00000;  10.60867;   1.66097
1976.00000;  10.89067;   2.04629
1977.00000;  10.98733;   2.13925
1978.00000;  10.78467;   1.89943
1979.00000;  10.53933;   2.02632
1980.00000;  10.37667;   2.15451
1981.00000;  10.34800;   2.10500
1982.00000;  10.51267;   1.89234
1983.00000;  10.49800;   1.81362
1984.00000;  10.45733;   1.63789
1985.00000;  10.46467;   1.54225
1986.00000;  10.49800;   1.58738
1987.00000;  10.16800;   1.59746
1988.00000;  10.13533;   1.88197
1989.00000;  10.48933;   2.11918
1990.00000;  10.46467;   2.25457
1991.00000;  10.64533;   2.18157
1992.00000;  11.01267;   2.09595
1993.00000;  10.89533;   1.93871
1994.00000;  10.78600;   1.75376
1995.00000;  10.53400;   1.56278
1996.00000;  10.40467;   1.48279
1997.00000;  10.09400;   1.26113
1998.00000;   9.94000;   1.48227
1999.00000;   9.96933;   1.88357
2000.00000;  10.44533;   2.02561
2001.00000;  10.80333;   2.07717
2002.00000;  10.93667;   2.31856
2003.00000;  10.94333;   2.54583
2004.00000;  10.45400;   2.41457
2005.00000;  10.38267;   2.25198
2006.00000;  10.25600;   2.70493
2007.00000;  10.14667;   2.78286
2008.00000;  10.67200;   2.90653
2009.00000;  10.76867;   2.89698
2010.00000;  10.43067;   2.68788
2011.00000;  10.16533;   2.83535
2012.00000;  10.62200;   3.02956
2013.00000;   9.99867;   3.64152
2014.00000;   9.96933;   3.69741
2015.00000;  10.52933;   2.97989
2016.00000;  10.39200;   2.10521
2017.00000;  10.63933;   1.98107
2018.00000;  10.72867;   2.01631
2019.00000;  10.70933;   1.98192
2020.00000;  10.59133;   1.97105
2021.00000;  10.40867;   2.02301
2022.00000;  10.38467;   2.03576
2023.00000;  10.30467;   2.14303
2024.00000;  10.34667;   1.92651
2025.00000;  10.58733;   1.70928
2026.00000;  10.80200;   1.65902
2027.00000;  10.97333;   1.66437
2028.00000;  11.03800;   1.73514
2029.00000;  10.95400;   1.82968
2030.00000;  10.87933;   1.57437
2031.00000;  10.78600;   1.48327
2032.00000;  10.51533;   1.53982
2033.00000;  10.48333;   1.55452
2034.00000;  10.57267;   1.73048
2035.00000;  10.62067;   1.80690
2036.00000;  10.68800;   1.78014
2037.00000;  10.98867;   1.57402
2038.00000;  10.99600;   1.53886
2039.00000;  10.86800;   1.49740
2040.00000;  10.76267;   1.44132
2041.00000;  10.55800;   1.39512
2042.00000;  10.54000;   1.46226
2043.00000;  10.73267;   1.56330
2044.00000;  11.02133;   1.89172
2045.00000;  11.31400;   1.88305
2046.00000;  11.38000;   1.86087
2047.00000;  11.27267;   1.80794
2048.00000;  11.14533;   1.81629
2049.00000;  10.65667;   1.82713
2050.00000;  10.48467;   1.70573
2051.00000;  10.42000;   1.27670
2052.00000;  10.48000;   1.33277
2053.00000;  10.65867;   1.68805
2054.00000;  10.89533;   1.76994
2055.00000;  11.03533;   1.80808
2056.00000;  11.21667;   1.97596
2057.00000;  11.29467;   1.85889
2058.00000;  11.20200;   2.02277
2059.00000;  11.14133;   1.97932
2060.00000;  10.93600;   1.60443
2061.00000;  10.79600;   1.57294
2062.00000;  10.68533;   1.79611
2063.00000;  10.62467;   1.79545
2064.00000;  10.51467;   1.74519
2065.00000;  10.63867;   1.69474
2066.00000;  11.03400;   1.50310
2067.00000;  11.09600;   1.56616
2068.00000;  11.37200;   1.74690
2069.00000;  11.50400;   1.78262
2070.00000;  11.14533;   1.71795
2071.00000;  11.08600;   1.63632
2072.00000;  11.05000;   1.76330
2073.00000;  10.90533;   1.46558
2074.00000;  10.92467;   1.33693
2075.00000;  11.14267;   1.39641
2076.00000;  11.20133;   1.45523
2077.00000;  11.25533;   1.71587
2078.00000;  11.26800;   1.73995
2079.00000;  11.32067;   1.69147
2080.00000;  11.25400;   1.63703
2081.00000;  11.02533;   1.39225
2082.00000;  10.90067;   1.33985
2083.00000;  10.92667;   1.20035
2084.00000;  10.91067;   1.28151
2085.00000;  11.08333;   1.43321
2086.00000;  11.25733;   1.62622
2087.00000;  11.25000;   1.64833
2088.00000;  11.19000;   1.80962
2089.00000;  11.20267;   1.77205
2090.00000;  11.27733;   1.57738
2091.00000;  11.23733;   1.49510
2092.00000;  11.17000;   1.46163
2093.00000;  11.09400;   1.47067
2094.00000;  10.86333;   1.60804
2095.00000;  10.81733;   1.68255
2096.00000;  10.85133;   1.71732
2097.00000;  10.97333;   1.65521
2098.00000;  11.14400;   1.59678
2099.00000;  11.07600;   1.33881
2100.00000;  10.95067;   1.28864
2101.00000;  10.85467;   1.34993
2102.00000;  10.78600;   1.39805
2103.00000;  10.85533;   1.68430
2104.00000;  10.94000;   1.80043
2105.00000;  11.07133;   1.71244
2106.00000;  11.07533;   1.62119
2107.00000;  10.93467;   1.29298
2108.00000;  10.92067;   1.34072
2109.00000;  10.87133;   1.63211
2110.00000;  10.84867;   1.66135
2111.00000;  10.97933;   1.72776
2112.00000;  11.00733;   1.80634
2113.00000;  10.89933;   1.78725
2114.00000;  10.97333;   1.65684
2115.00000;  11.08067;   1.71082
2116.00000;  11.04933;   1.77274
2117.00000;  11.14733;   1.72655
2118.00000;  11.13400;   1.60940
2119.00000;  11.04467;   1.65494
2120.00000;  11.02133;   1.71883
2121.00000;  11.03867;   1.62072
2122.00000;  11.07200;   1.50479
2123.00000;  11.14400;   1.46828
2124.00000;  11.34733;   1.26215
2125.00000;  11.39867;   1.21285
2126.00000;  11.39867;   1.34801
2127.00000;  11.42800;   1.44195
2128.00000;  11.36333;   1.65385
2129.00000;  11.30867;   1.71977
2130.00000;  11.33400;   1.72287
2131.00000;  11.22533;   1.52975
2132.00000;  11.00533;   1.40302
2133.00000;  11.08200;   1.36876
2134.00000;  11.17200;   1.47512
2135.00000;  11.28400;   1.73285
2136.00000;  11.46200;   1.72116
2137.00000;  11.48067;   1.64016
2138.00000;  11.36000;   1.62291
2139.00000;  11.23400;   1.61210
2140.00000;  11.19733;   1.55492
2141.00000;  11.20267;   1.25742
2142.00000;  11.21600;   1.23023
2143.00000;  11.28733;   1.37542
2144.00000;  11.32200;   1.45277
2145.00000;  11.38000;   1.70790
2146.00000;  11.29733;   1.84069
2147.00000;  11.12800;   1.76653
2148.00000;  11.06867;   1.74599
2149.00000;  10.95067;   1.61660
2150.00000;  10.79400;   1.40156
2151.00000;  11.01733;   1.31360
2152.00000;  11.17867;   1.34182
2153.00000;  11.21467;   1.43788
2154.00000;  11.42933;   1.69346
2155.00000;  11.34000;   1.78934
2156.00000;  11.10267;   1.63222
2157.00000;  11.00933;   1.38809
2158.00000;  10.83200;   1.13013
2159.00000;  10.89400;   1.18210
2160.00000;  11.29400;   1.55412
2161.00000;  11.37200;   1.56030
2162.00000;  11.51133;   1.50593
2163.00000;  11.44867;   1.58366
2164.00000;  10.89733;   1.72656
2165.00000;  10.72733;   1.74340
2166.00000;  10.72800;   1.77155
2167.00000;  10.65333;   1.74402
2168.00000;  10.67267;   1.55607
2169.00000;  10.81600;   1.37229
2170.00000;  10.48667;   1.40342
2171.00000;  10.17200;   1.37835
2172.00000;  10.10733;   1.45790
2173.00000;  10.17533;   1.75073
2174.00000;  10.54267;   1.75988
2175.00000;  10.91133;   1.56356
2176.00000;  10.95267;   1.45768
2177.00000;  10.83533;   1.49097
2178.00000;  10.69067;   1.70833
2179.00000;  10.47333;   1.90662
2180.00000;  10.36000;   1.96479
2181.00000;  10.37733;   1.92496
2182.00000;  10.25867;   1.77480
2183.00000;  10.07733;   1.36552
2184.00000;  10.00000;   1.35450
2185.00000;   9.83533;   1.43475
2186.00000;   9.80333;   1.39386
2187.00000;   9.92733;   1.64163
2188.00000;   9.98200;   1.78815
2189.00000;   9.98333;   1.89658
2190.00000;  10.21333;   1.93237
2191.00000;  10.31600;   1.85921
2192.00000;  10.47800;   1.81850
2193.00000;  10.73667;   1.71676
2194.00000;  10.59200;   1.44521
2195.00000;  10.27533;   1.19552
2196.00000;  10.00667;   1.38892
2197.00000;   9.63867;   1.66319
2198.00000;   9.59733;   2.22081
2199.00000;   9.91400;   2.24817
2200.00000;  10.12067;   1.87378
2201.00000;  10.40000;   1.41606
2202.00000;  10.50867;   1.15557
2203.00000;  10.41800;   1.20409
2204.00000;  10.00267;   1.46214
2205.00000;   9.88933;   1.55362
2206.00000;   9.63400;   1.80271
2207.00000;   9.63000;   1.78318
2208.00000;   9.99067;   1.45828
2209.00000;  10.06600;   1.37818
2210.00000;  10.06533;   1.41758
2211.00000;  10.10667;   1.56045
2212.00000;  10.00467;   1.80570
2213.00000;  10.11200;   1.90806
2214.00000;  10.44000;   1.78270
2215.00000;  10.62133;   1.69631
2216.00000;  10.70533;   1.76157
2217.00000;  10.64933;   1.91401
2218.00000;  10.44267;   1.61759
2219.00000;  10.16600;   1.65543
2220.00000;  10.10467;   1.55559
2221.00000;  10.27400;   1.20628
2222.00000;  10.32333;   1.37794
2223.00000;  10.58867;   1.51931
2224.00000;  10.84667;   1.71977
2225.00000;  10.73533;   1.98139
2226.00000;  10.71133;   1.86804
2227.00000;  10.44000;   1.81838
2228.00000;  10.31267;   1.73336
2229.00000;  10.13333;   1.79556
2230.00000;  10.16200;   1.78396
2231.00000;  10.54067;   1.90696
2232.00000;  10.59067;   1.85472
2233.00000;  10.51867;   1.36067
2234.00000;  10.34600;   1.40499
2235.00000;   9.61533;   1.60328
2236.00000;   9.48400;   1.66157
2237.00000;   9.73600;   1.84397
2238.00000;  10.02600;   1.90652
2239.00000;  10.73200;   1.83045
2240.00000;  11.29733;   1.70360
2241.00000;  11.32800;   1.93640
2242.00000;  10.95133;   1.69666
2243.00000;  10.57000;   1.53914
2244.00000;  10.17600;   1.62240
2245.00000;   9.87333;   1.30381
2246.00000;   9.91800;   1.38096
2247.00000;   9.84467;   1.70827
2248.00000;   9.64867;   1.52436
2249.00000;   9.83667;   1.46406
2250.00000;   9.96933;   1.76903
2251.00000;  10.04867;   1.48669
2252.00000;  10.27400;   1.63720
2253.00000;  10.13667;   1.54950
2254.00000;   9.93200;   1.24877
2255.00000;   9.83600;   0.99605
2256.00000;   9.73200;   1.31002
2257.00000;   9.77333;   1.43130
2258.00000;  10.08067;   1.68432
2259.00000;  10.18867;   1.80998
2260.00000;  10.38400;   1.89948
2261.00000;  10.33667;   1.88225
2262.00000;  10.01867;   1.57274
2263.00000;   9.87933;   1.41350
2264.00000;   9.61067;   1.52183
2265.00000;   9.53067;   1.70921
2266.00000;   9.62467;   1.56431
2267.00000;   9.75067;   1.58300
2268.00000;  10.00200;   1.77557
2269.00000;  10.17600;   1.79930
2270.00000;  10.35667;   1.77715
2271.00000;  10.54400;   1.50102
2272.00000;  10.42267;   1.20716
2273.00000;  10.38867;   1.52184
2274.00000;  10.30867;   1.81790
2275.00000;  10.15000;   1.81122
2276.00000;  10.23800;   1.64014
2277.00000;  10.18933;   2.18624
2278.00000;  10.18933;   2.24811
2279.00000;  10.44267;   1.98150
2280.00000;  10.52533;   1.88523
2281.00000;  10.50400;   2.22058
2282.00000;  10.48933;   2.25722
2283.00000;  10.29133;   1.92731
2284.00000;  10.12533;   2.03298
2285.00000;  10.17467;   2.62233
2286.00000;  10.07000;   2.69790
2287.00000;  10.00200;   2.21010
2288.00000;  10.21533;   1.84146
2289.00000;  10.47133;   1.74534
2290.00000;  10.79867;   1.70835
2291.00000;  11.00867;   2.07276
2292.00000;  10.90200;   2.13780
2293.00000;  10.50733;   1.93023
2294.00000;  10.21667;   1.70170
2295.00000;   9.71533;   1.36130
2296.00000;   9.53667;   1.58471
2297.00000;   9.44267;   2.12693
2298.00000;   9.64467;   2.30273
2299.00000;  10.39267;   2.21701
2300.00000;  10.60400;   2.17433
2301.00000;  10.84733;   2.16737
2302.00000;  10.80733;   2.05435
2303.00000;  10.07600;   1.55635
2304.00000;   9.90267;   1.50227
2305.00000;   9.79867;   1.85390
2306.00000;   9.81067;   2.01219
2307.00000;  10.07600;   1.86247
2308.00000;  10.54733;   2.14033
2309.00000;  10.61867;   2.37872
2310.00000;  10.90400;   2.29023
2311.00000;  10.92933;   1.95211
2312.00000;  10.42667;   1.87290
2313.00000;   9.86067;   1.85543
2314.00000;   9.08733;   1.67806
2315.00000;   8.74867;   1.81749
2316.00000;   8.98600;   1.88543
2317.00000;   9.63933;   1.76690
2318.00000;  10.61067;   1.45371
2319.00000;  11.00533;   0.96339
2320.00000;  10.99733;   0.78450
2321.00000;  10.69467;   1.41458
2322.00000;  10.29467;   2.27530
2323.00000;  10.40067;   2.45351
2324.00000;  10.52200;   2.29877
2325.00000;  10.59933;   2.31313
2326.00000;  10.79333;   1.79310
2327.00000;  10.49200;   1.65574
2328.00000;   9.92933;   2.62996
2329.00000;   9.66733;   2.79408
2330.00000;   9.40800;   2.43445
2331.00000;   9.43067;   1.86589
2332.00000;   9.96667;   1.72108
2333.00000;   9.64533;   2.12989
2334.00000;   9.49133;   2.60957
2335.00000;   9.62200;   2.58735
2336.00000;   9.00067;   2.58911
2337.00000;   9.60467;   2.59163
2338.00000;  10.28933;   3.04087
2339.00000;  10.29400;   2.10068
2340.00000;  10.58200;   2.03111
2341.00000;   9.74200;   2.83434
2342.00000;   9.18533;   3.32510
2343.00000;   8.95533;   3.03144
2344.00000;   8.50667;   2.82704
2345.00000;   9.16933;   2.76110
2346.00000;   9.31200;   2.53540
2347.00000;   9.14267;   2.81704
2348.00000;   9.42533;   2.23376
2349.00000;   9.15400;   2.13811
2350.00000;   9.19533;   3.00933
2351.00000;   9.15133;   3.33939
2352.00000;   9.08333;   4.17991
2353.00000;   9.20533;   3.86073
2354.00000;   9.30933;   2.86175
2355.00000;   9.24600;   2.98809
2356.00000;   9.75400;   3.07821
2357.00000;   9.41133;   3.05348
2358.00000;   8.04467;   3.29151
2359.00000;   7.73867;   3.22542
2360.00000;   7.65000;   3.07011
2361.00000;   7.71933;   3.11125
2362.00000;   8.87600;   2.99887
2363.00000;   9.12800;   3.34234
2364.00000;   9.10333;   3.76935
2365.00000;   8.56333;   3.92017
2366.00000;   7.86667;   3.57864
2367.00000;   7.43933;   3.02483
2368.00000;   7.85600;   3.01165
2369.00000;   8.12667;   3.10447
2370.00000;   8.18600;   3.18517
2371.00000;   8.94000;   3.58749
2372.00000;   8.93867;   4.03236
2373.00000;   8.66933;   3.85091
2374.00000;   9.43733;   4.08454
2375.00000;   9.73533;   4.18374
2376.00000;   9.71533;   4.22042
2377.00000;  10.45867;   4.16038
2378.00000;   9.61133;   3.78687
2379.00000;   8.28667;   4.11156
2380.00000;   8.68600;   4.67268
2381.00000;   9.45467;   4.05050
2382.00000;  10.03400;   4.37893
2383.00000;  11.16133;   4.39876
2384.00000;  11.41267;   4.56077
2385.00000;   9.57200;   4.70123
2386.00000;   9.53733;   5.72654
2387.00000;   9.84933;   4.81619
2388.00000;   8.95333;   3.54280
2389.00000;   9.59533;   3.88799
2390.00000;   9.11933;   3.91582
2391.00000;   7.77933;   3.46226
2392.00000;   8.52467;   3.48420
2393.00000;   8.82400;   3.36980
2394.00000;   9.01333;   3.82836
2395.00000;  10.56200;   3.81762
2396.00000;  10.18133;   3.67552
2397.00000;   9.38067;   3.97228
2398.00000;   9.84400;   3.22503
2399.00000;   9.11267;   2.45788
2400.00000;   9.03733;   3.88492
2401.00000;   9.42400;   3.91866
2402.00000;   9.34000;   3.80965
2403.00000;  10.05400;   4.71152
2404.00000;  10.45400;   3.52611
2405.00000;  10.78400;   2.89132
2406.00000;  10.68267;   4.97133
2407.00000;   9.99800;   5.97160
2408.00000;  10.34133;   5.47382
2409.00000;  10.60400;   7.32070
2410.00000;  11.85533;   7.34386
2411.00000;  12.26133;   4.43441
2412.00000;   9.58600;   4.48850
2413.00000;   7.71400;   3.08476
2414.00000;   6.51067;   4.49875
2415.00000;   6.00667;   6.71822
2416.00000;   7.89600;   7.10638
2417.00000;   8.76467;   5.95734
2418.00000;   8.45800;   7.50839
2419.00000;   9.56333;   6.66110
2420.00000;  10.45067;   6.97102
2421.00000;  10.26733;   6.59411
2422.00000;  10.93000;   6.10532
2423.00000;  11.08600;   7.04794
2424.00000;   9.47200;   6.17018
2425.00000;   8.99933;   7.61637
2426.00000;   9.26200;   6.99741
2427.00000;   9.18933;   5.95188
2428.00000;   9.24600;   6.04808
2429.00000;   9.25200;   5.95643
2430.00000;   9.04467;   7.06522
2431.00000;   7.79933;   5.75302
2432.00000;   7.00267;   5.78283
2433.00000;   7.94533;   5.33899
2434.00000;   8.08667;   7.59899
2435.00000;  10.28267;   9.20053
2436.00000;  12.04867;  10.87662
2437.00000;  13.61333;   9.53492
2438.00000;  12.07867;   8.84922
2439.00000;   8.98600;  10.44128
2440.00000;   9.09133;   8.34205
2441.00000;   8.37067;   8.30899
2442.00000;   9.26200;   7.85461
2443.00000;  10.24400;  11.38988
2444.00000;   9.14267;   8.76139
2445.00000;  11.82000;  11.47517
2446.00000;  12.26267;  14.23938
2447.00000;  12.07933;  14.21145
2448.00000;  12.43467;  11.78940
2449.00000;  10.90933;  10.07168
2450.00000;  10.61267;   8.52486
2451.00000;   8.24333;   9.19718
2452.00000;   8.37667;   8.63137
2453.00000;   9.69267;  12.44940
2454.00000;   8.46667;  10.75940
2455.00000;   9.36400;   9.15772
2456.00000;   9.74267;   7.22688
2457.00000;  10.46867;   9.05548
2458.00000;   9.84133;   8.54484
2459.00000;  11.75067;   9.44711
2460.00000;  10.41533;   8.77277
2461.00000;   9.36933;   7.77182
2462.00000;  12.31600;   8.99211
2463.00000;  15.55533;   7.87152
2464.00000;  16.36200;   8.24108
2465.00000;  14.34600;  11.67310
2466.00000;  12.98733;  11.46721
2467.00000;   8.15200;   7.34645
2468.00000;   5.48267;   8.72024
2469.00000;  11.55000;  17.13460
2470.00000;  16.45733;  21.53572
2471.00000;  12.23000;  16.23452
2472.00000;  11.50000;  10.63042
2473.00000;  10.27800;  11.32032
2474.00000;   9.62933;  15.52094
2475.00000;  18.20467;  20.25696
2476.00000;  20.67933;  23.97262
2477.00000;  12.06467;  14.51361
2478.00000;  13.04200;  18.97330
2479.00000;  17.95000;  19.81558
2480.00000;  19.47133;  34.98413
2481.00000;  41.09533;  88.77053
2482.00000;  32.74133;  68.12048
2483.00000;  34.08533;  67.69371
2484.00000;  35.28533;  52.65684
2485.00000;  41.15733;  49.90697
2486.00000; 269.43067; 609.39654
2487.00000;  84.24600; 127.94911
2488.00000;  57.35400;  70.03902
2489.00000;  70.08600;  69.18838
2490.00000; 170.93333; 515.96182
2491.00000;  74.05133;  97.30463
2492.00000; 121.95267; 369.80776
2493.00000;  29.72600;  42.55917
2494.00000; 206.20933; 461.42150
2495.00000; 154.14133; 240.26445
2496.00000; 205.31333; 346.00279
2497.00000; 328.65267; 473.79827
2498.00000;  46.72333;  70.22485
2499.00000;  27.48867;  43.90047
2500.00000;  56.46600;  91.82317
